1.0295262197371742



1.0103339974061067



1.0225295494833895



1.0475212651661332



1.0162382601421422



1.0258785428307522



0.9896706195049054



1.0232449303140378



1.1030954932649124



1.0125794988189982



1.0321387212337456



1.017338392823998



0.9436235021872419



0.9780895791950478



0.9448338525375264



0.9443572970615306



0.9316263536467687



1.0129407067369283



0.9797013494927597



0.9600473522234149



0.9705085245660177



0.9349472292757696



0.9976589172344085



0.9903878301067891



1.0425895255105238



1.0174491647065311



0.9465814399171104



1.0060225695327436



1.0637711792093387



0.9655164717345506



1.0209971792165844



0.9463300643095374



0.9593583567761302



0.960510948377512



1.0424509001471345



0.9475515683833141



1.0658530139852782



0.9724159103737378



1.0324645168104036



1.0175832172454087



1.0038823080762802



1.0285144316043324



1.0119000093157675



1.0571225207691324



1.0068328205649577



1.0391321928753623



1.0291199228440626



1.0203982301172743



1.0149415588034212



0.9997822729168117



1.0317199588604584



1.014502562249845



0.9864777462074209



0.9974640055211432



1.0217924001378498



1.0370956283230248



1.0363645635321226



1.0118649053788822



0.9675212906003311



1.0009827709057746



1.054985372167665



1.0123675862454393



1.001803721988639



1.0001713954147575



0.9847743307502225



0.95349807694349



0.9924689116902177



0.950851008654874



0.9680998914747498



0.9753808388368317



1.0597546784619551



1.066074671331606



1.0618888415605987



0.9648501202983373



0.9778693463957792



0.9547908176138321



1.0363692255970434



1.0138637782867916



1.021437126310982



1.007661332094242



0.9980092008999253



0.9942571206554046



0.9988106568631935



0.9568975348944276



1.0254654091490742



1.016729153727025



1.0578899374643473



1.0311661213307115



1.0590843681660085



1.0347398211493102



1.034215525074104



1.019696425266139



1.0731370928597022



1.0052581810640921



1.062048207663583



1.0944353287981776



1.046928088263352



1.0133168233140342



1.0622291033149995



1.0426471345295827



1.018270584790592



1.0042077637639517



1.0324660768377971



1.020692785397928



1.0804384146123742



1.10668694083827



1.0895342351486312



1.088847841722406



1.065746360058917



1.0610310178747915



1.02424662924865



1.0302753080724378



1.0274416327383613



1.0573567000911643



1.0014123055949764



1.0691526529460047



1.0277783091115893



1.046865847073172



1.0814288101639358



1.0158158398662926



1.0868643724641034



1.0585709652891149



1.0762234133686164



1.0799017106749875



1.0601283471832825



1.0256137349912682



1.04494262376561



0.9952440023706958



1.0346352788471331



1.0162185287008416



0.9915448370938439



0.9882366314334582



0.991548436960193



0.9921801258795367



0.9664904045355852



0.9723071253667072



0.978721853913682



0.9747759582218897



1.0351008112969393



0.9882416029449221



1.0252290530770731



0.9649702169809496



0.9654465706057458



1.0006831012343869



0.9520024943731935



0.9647308872604303



0.954830841114467



0.9684745617478402



0.9637495658327717



0.9809757433726257



0.9506477474002406



0.949360124083236



0.9732441460570472



0.9892331909741382



0.9892946326300813



1.0447917869416874



1.0056264747013217



1.0097555259682722



1.0286922033731105



1.0042870684120446



1.03615199230016



1.0613038229113492



1.0089504051884313



1.000673441661505



0.9651650537110322



1.0700477686763732



1.0501828814985212



1.00273452026313



0.9929530804106755



1.0089425485955903



1.006224467378426



0.9734202925155606



0.986756713024101



1.0335991700162297



1.0254016311997938



1.0656815405865896



1.087516765114493



1.0899504233352473



1.1177821202509695



1.0568500431316392



1.0299470549131662



0.9989190405550318



0.9777282182687503



1.061927537446345



1.0165908212953023



1.015761270377048



0.9387429165329312



0.9823937695151566



0.9608910106467113



0.9553832548672051



0.9603373847602508



0.9938027980370898



1.0446367714681555



1.0508772924506056



1.0223747157438927



1.0654270072356464



1.0386959543161423



1.0630191173657744



1.0270505804002759



1.0648047227656625



1.0994099492752263



1.0371163929285394



1.0018151303169336



1.035013099653576



1.0390580421523186



1.0029051986389623



1.0136597227715731



1.0384194896641892



0.9792750666495404



1.0134858837928469



1.0513224219664155



1.073801255462111



1.0746679561477843



1.1131644500365145



1.0369016729781202



1.0721630614829154



1.0585233209552227



1.0297966284216709



1.0609175481457773



1.0824618881347718



1.0546937902366513



1.0601842709790834



1.071929873156683



1.059214425967303



1.0873379829681122



1.0318965286021127



1.0594835338842288



1.0247039261623925



1.002308674386751



0.9965193330402724



1.0125917434070157



1.0423221811291536



1.0240842489178594



1.0510066347243847



100000



1.0845056662348052



100000



1.1462219508336946



1.032345808111336



1.0573568956342856



1.00280380819369



1.0746568263518308



1.0595268180982889



1.013588094624155



1.0102727725351583



1.0503688043451116



1.046923634064912



1.0592559930383765



0.9823557511519592



1.0294076675545394



1.0233292506266838



1.0234027485755082



1.1208774493458031



1.023206023240544



1.0699238862826597



1.0259452876919475



0.9830904430205621



100000



1.1058195182453623



1.0288282946593554



1.0140567863336727



1.0407499945832852



1.0520648699614155



1.0269157137664358



1.0879946500380748



1.0236430659910156



1.0291455457148588



1.002256563922206



0.9923216017462674



1.029657718934947



0.9916804234851978



1.124642606123413



1.1223453374750525



1.0553555613432173



1.0545198654372012



1.1316068656735978



1.0183259654485124



0.992072572588672



1.0226621780101897



1.0622670429969119



1.0359523965456399



1.0518025752062579



1.0444130888686223



1.0125876858205936



1.0202414343032853



1.043856982268369



1.0512528991940175



0.9743302180908953



1.0101882770722648



1.06502490563077



1.0363497350261055



0.9682787526724451



0.9979957461206254



1.015816829520373



1.0389134182437456



1.0597707282821525



1.0648167457146296



1.1054892835568602



1.0495767042578725



1.0906431731543216



1.0049065457119501



1.0856448816643995



1.1094804162054988



1.0596867306006463



1.0416327780565335



1.037684288730355



1.0380088031182386



1.029468903292407



1.0237533832666128



1.0244126284345734



1.0209205136632378



1.0317885562138376



1.1270898936405567



1.0240111769983449



1.0440179279935786



0.9972323890578606



0.9904943992624637



1.0514654594598873



1.0176309862298183



1.0126916244484332



0.9813738044865135



1.054574113050687



1.0268083722366947



1.003237158715331



1.050073279087773
